 PROBLEM SUMMARY
   problem .....: regpol    
   nvert .......: 12
   nballs ......: 100
   itrial ......: 52
   kappa .......: 0.29
   sigma1 ......: 0.03
   sigma2 ......: 0.15
   pol area ....: 3.0000000000000000D+00
   pol perimeter: 6.2116570824604969D+00

 OPTIMIZATION SUMMARY
   r ......:  1.1261677885702405D-01
   csupn ..:  9.2806695661806771D-09
   istop ..:  0
   ierr ...:  0
   itrial .:  52
   #evalf .:  140
   #evalg .:  278
   #evalc .:  302
   #evalj .:  278
   #evalhl :  280
   outiter :  18
   totiter :  100
   nwcalls :  18
   nwtotit :  180
   opt time:  0.38 seconds

 BALLS (index, center abcissa, center ordinate)
  1  -7.6427941063083948D-01   4.5188780421902830D-01
  2  -7.3541385338809828D-01   2.3717819015082303D-01
  3  -7.6635995489557796D-01   2.4079379112807317D-02
  4  -5.4753716727425161D-01   6.7599693197651300D-01
  5  -5.7566741084935402D-01   4.8131859605307364D-01
  6  -6.1577854713970659D-01   3.0428693844012883D-01
  7  -6.1040196452619866D-01   9.3289243170649211D-02
  8  -6.6659318091451425D-01  -1.1201183623299835D-01
  9  -7.0667539310442418D-01  -3.0639440981347632D-01
 10  -3.4339351174685445D-01   6.8288266029299138D-01
 11  -4.0362684455144121D-01   5.2680868445008633D-01
 12  -4.2718966571769801D-01   3.3400035859744692D-01
 13  -4.7018419040324860D-01   1.5561661119443715D-01
 14  -4.9281638743206863D-01  -4.2538046754527124D-02
 15  -5.2433904934872211D-01  -2.4340839669708125D-01
 16  -5.8197502828963710D-01  -4.4152103744811994D-01
 17  -1.4628236571021955D-01   7.2678981633318129D-01
 18  -2.0095589799322031D-01   5.4848610060143821D-01
 19  -2.5238123740020957D-01   3.8666887662663429D-01
 20  -2.7816428407994903D-01   1.9445762790712634D-01
 21  -3.2246212674127872D-01   1.5566434378102243D-02
 22  -3.5367577664213484D-01  -1.8550518966923651D-01
 23  -4.0030150528240344D-01  -3.8150070755185972D-01
 24  -4.5420268096484034D-01  -5.7571725135166030D-01
 25   4.4270024246493685D-02   7.7186905451283072D-01
 26  -5.1585814025051817D-03   5.8750579313260598D-01
 27  -5.1051468808500367D-02   4.1229465542472554D-01
 28  -1.0166886132001260D-01   2.4730931286035956D-01
 29  -1.3000171629079610D-01   5.5755981874278132D-02
 30  -1.8288478486621595D-01  -1.2606813475280168D-01
 31  -2.1765886289260444D-01  -3.1773350728359512D-01
 32  -2.6795531125052979D-01  -5.1190370475801905D-01
 33  -3.1880091804903210D-01  -7.0547307096238410D-01
 34   1.8644329012859326D-01   6.5039778273097171D-01
 35   1.4071376668735855D-01   4.6405622495802090D-01
 36   9.4521908063283117D-02   2.8014500389906399D-01
 37   4.7887472607681357D-02   1.0742623914846761D-01
 38   8.9184912294427276D-03  -8.7884061335469638D-02
 39  -3.7828324049389177D-02  -2.6769671133525075D-01
 40  -8.6398540478646216D-02  -4.6336647504903439D-01
 41  -1.3660473167017206D-01  -6.5752102116246336D-01
 42   3.6525761153090830D-01   6.8390373205887600D-01
 43   3.2251125737741482D-01   4.9466784648341966D-01
 44   2.7987675790934691D-01   3.1246018110481866D-01
 45   2.4491052776078845D-01   1.4285520579549882D-01
 46   1.8763222339135624D-01  -3.3617228545832337D-02
 47   1.5482059032614215D-01  -2.2689774710779001D-01
 48   9.8368147566786454D-02  -3.9170462994770106D-01
 49   5.0721559453345590D-02  -5.7636764357718395D-01
 50   4.9603271991019429D-03  -7.6631671080325758D-01
 51   5.0759985004861174D-01   5.4444597818137885D-01
 52   4.7013369582683306D-01   3.5705036352318914D-01
 53   4.4175625784720773D-01   1.8414679344434609D-01
 54   3.8582743169702316D-01   5.9312552334670702D-03
 55   3.3472260867053200D-01  -1.6851468125282199D-01
 56   3.0296257571719876D-01  -3.6140659238616629D-01
 57   2.4228656269919149D-01  -5.2439754982034503D-01
 58   1.9203229535505797D-01  -7.0985146015106282D-01
 59   6.5499440204776749D-01   4.0607620725770771D-01
 60   6.3440466402647155D-01   2.2940200845385300D-01
 61   5.8141854149324079D-01   4.6151606420434942D-02
 62   5.3238464813994024D-01  -1.3090891680177491D-01
 63   4.8232588004848198D-01  -3.0496917709957616D-01
 64   4.4798426834328214D-01  -4.9879497399470651D-01
 65   3.8217092261955754D-01  -6.6340828183422029D-01
 66   7.6999165279082482D-01   9.3314759500039035D-02
 67   7.2778187255129567D-01  -9.1374669143435838D-02
 68   6.7979266809987804D-01  -2.6804641372180449D-01
 69   6.2524192954271007D-01  -4.4367139078278295D-01
 70   2.3331704036267986D-01   8.4088437138697270D-01
 71  -8.4883486548935017D-01  -1.7450495634144145D-01
 72   8.7598399094550994D-01  -2.2569431966669973D-01
 73  -1.8304652675410962D-01  -8.5002828643330952D-01
 74  -6.4315358149294077D-01  -6.3334312261644554D-01
 75   8.2278050483174148D-01   2.8320409499318450D-01
 76   5.8715350556258150D-01  -6.4024436059711987D-01
 77  -7.2272639764741387D-01   6.2215849788727740D-01
 78  -5.1111514843295813D-01  -7.6340534413750016D-01
 79  -7.6874485309384155D-01  -5.0061359223719970D-01
 80   9.1559404823723167D-01  -4.6738496093026938D-02
 81  -9.8641311950060942D-02   9.1059512581977187D-01
 82  -2.8307699754664878D-01   8.6276122039136893D-01
 83   8.2350195308111840D-01  -4.0391729441597163D-01
 84  -4.7861295635240531D-01   8.2460913955599602D-01
 85   3.3041863678971023D-01  -8.4929314261615119D-01
 86   5.5607495381269145D-01   7.2789643437690577D-01
 87   1.4597216102781421D-01  -8.9989005976974445D-01
 88   6.9420215843598643D-01   5.9180329184744829D-01
 89   8.4674185269372870D-02   9.6032249161674066D-01
 90   7.6419238510159881D-01  -5.8096271492290197D-01
 91   9.5153731487702742D-01   1.4386320831616523D-01
 92   8.4277049201062038D-01   4.5756927710313644D-01
 93  -3.6867367223211717D-01  -8.9133566918205898D-01
 94   5.1982858940178633D-01  -8.0527309509787071D-01
 95  -8.9002095847946072D-01  -3.5301742423016041D-01
 96  -8.9606658586310739D-01   1.4059667557444475D-01
 97  -8.8574840778640140D-01   3.4846848714470535D-01
 98  -4.1207298863154600D-02  -9.5624542385984757D-01
 99  -9.4893251179584848D-01  -4.0039377359781476D-02
100   4.2001850444887762D-01   8.6615957977796199D-01
