 PROBLEM SUMMARY
   problem .....: regpol    
   nvert .......: 8
   nballs ......: 100
   itrial ......: 2939
   kappa .......: 0.66
   sigma1 ......: 0.03
   sigma2 ......: 0.15
   pol area ....: 2.8284271247461903D+00
   pol perimeter: 6.1229349178414356D+00

 OPTIMIZATION SUMMARY
   r ......:  1.0934237300065705D-01
   csupn ..:  9.6522883019645178D-09
   istop ..:  0
   ierr ...:  0
   itrial .:  2939
   #evalf .:  1447
   #evalg .:  373
   #evalc .:  1640
   #evalj .:  373
   #evalhl :  384
   outiter :  22
   totiter :  164
   nwcalls :  22
   nwtotit :  220
   opt time:  0.94 seconds

 BALLS (index, center abcissa, center ordinate)
  1   9.4776555317327549D-01  -5.4688258692713616D-03
  2   8.6900049693099557D-01   1.6818891693770921D-01
  3   7.9506091146712854D-01   3.3764580251822418D-01
  4   7.2339764026359543D-01   5.0373269004802512D-01
  5   6.4104813293667029D-01   6.3704301210037539D-01
  6   5.1216538978906900D-01   7.7095672779895053D-01
  7   8.6366761278891901D-01  -1.7849475549481955D-01
  8   7.7128904569797652D-01  -5.1829838110327370D-03
  9   6.9028084159014969D-01   1.6531766948732327D-01
 10   6.1429327550470103D-01   3.3215331258331826D-01
 11   5.3304411285375974D-01   4.7940068273604869D-01
 12   4.3721694064016509D-01   6.1529034278660621D-01
 13   3.2306709084111473D-01   7.7279077878576818D-01
 14   1.8831274687432983D-01   9.0615978093320559D-01
 15   7.9360795861695865D-01  -3.5162942829594135D-01
 16   6.8854937445206610D-01  -1.8137944475908938D-01
 17   5.9625148084925916D-01  -1.2813590310324908D-02
 18   5.1336248102283610D-01   1.5484292038601385D-01
 19   4.3055540778634949D-01   3.0928931216140648D-01
 20   3.3947982684405342D-01   4.5439701900611545D-01
 21   2.4324779946477185D-01   6.1315344571093444D-01
 22   1.2092948365603758D-01   7.4919252696527150D-01
 23   2.0088156617656073D-03   9.0171941607842676D-01
 24   7.2291600465784400D-01  -5.2654347777798416D-01
 25   6.1687588677189409D-01  -3.5644137548434895D-01
 26   5.1213741192463280D-01  -1.9157083565594540D-01
 27   4.1952611557498759D-01  -2.3517355618314011D-02
 28   3.3175513249322047D-01   1.3566959805035469D-01
 29   2.3992577345087868D-01   2.8243215696323337D-01
 30   1.5264011834541405D-01   4.4072001173321307D-01
 31   4.8231435516048554D-02   5.7802793355137583D-01
 32  -6.6276895092401894D-02   7.2848072299793598D-01
 33  -1.4083578534826055D-01   8.6756330291549011D-01
 34   6.4467076912651500D-01  -6.9360465340441857D-01
 35   5.4049379131368835D-01  -5.2325189780747650D-01
 36   4.3525934560012414D-01  -3.6563604034845548D-01
 37   3.3215719298162133D-01  -1.9813041656935829D-01
 38   2.3468421815363671D-01  -3.8541502204580587D-02
 39   1.4183333615770827D-01   1.0931186076318058D-01
 40   5.3871504099632747D-02   2.6766970791975558D-01
 41  -3.9605079431086085D-02   4.1116206143756495D-01
 42  -1.4566837022590534D-01   5.6233474016646789D-01
 43  -2.6319282523828380D-01   7.0460993900276037D-01
 44  -3.3871330652321785D-01   8.4053346170187138D-01
 45   4.7318578953735568D-01  -7.0473460657718823D-01
 46   3.6113287004887934D-01  -5.4778401928870801D-01
 47   2.6163894443299396D-01  -3.7997480791171007D-01
 48   1.5366637415682846D-01  -2.2091893172725971D-01
 49   5.1120359107964260D-02  -7.2660352028269259D-02
 50  -3.2339447835093224D-02   9.4145605427126605D-02
 51  -1.3022637797799982D-01   2.5658059751306156D-01
 52  -2.3985137736787665D-01   4.0781612388147515D-01
 53  -3.4583868470644946D-01   5.5977676549475497D-01
 54  -4.6723365321885557D-01   7.0850562066418321D-01
 55   3.4539687723655854D-01  -8.3011977599910947D-01
 56   2.7202681127775263D-01  -6.9249511753281145D-01
 57   1.7918382694116713D-01  -5.5162425217396738D-01
 58   7.5015921777244338D-02  -3.9253219259948186D-01
 59  -3.4646436187018140D-02  -2.4938404965025729D-01
 60  -1.2777605239808662D-01  -8.2188084663795499D-02
 61  -2.1402494344723103D-01   7.9871778587630338D-02
 62  -3.1719031491725658D-01   2.3142582717534085D-01
 63  -4.2659631170871748D-01   3.8315969022936763D-01
 64  -5.3320238727251856D-01   5.3362027559159653D-01
 65  -6.4205669544386001D-01   6.9799593512920388D-01
 66   1.5216148336751709D-01  -8.6100677282064797D-01
 67   7.8594206174755418D-02  -7.2398076789886734D-01
 68  -6.9942516422064459D-03  -5.6529904608496984D-01
 69  -1.1783605971817292D-01  -4.2222723860423195D-01
 70  -2.1634643158552286D-01  -2.5517635046716314D-01
 71  -3.1226627326936734D-01  -9.2714415482584675D-02
 72  -4.0379671715180199D-01   5.8463853487123199D-02
 73  -5.0675151875342539D-01   2.1053356291087444D-01
 74  -6.1399629085926422D-01   3.6706162395209613D-01
 75  -7.1985700921611306D-01   5.3181939896279029D-01
 76   9.1255539496982851D-03  -8.9949322880148619D-01
 77  -1.0474808986383613D-01  -7.4144517139003918D-01
 78  -1.9199972468827478D-01  -6.0473990347530193D-01
 79  -2.8533696245938950D-01  -4.2863996771668805D-01
 80  -3.9934416786749805D-01  -2.6773346492173583D-01
 81  -4.9973854296777392D-01  -1.1722999579981042D-01
 82  -5.9104091618500654D-01   3.4464429720370747D-02
 83  -6.9182880432539695D-01   1.9133513899009003D-01
 84  -7.9397429489991689D-01   3.5726144481688621D-01
 85  -1.7050684979718064D-01  -9.1455311979487985D-01
 86  -2.9746527477250556D-01  -7.7847439770863680D-01
 87  -3.6566644157193268D-01  -6.0368753287906063D-01
 88  -4.6014181550344879D-01  -4.2907149802797462D-01
 89  -5.9399027942180982D-01  -2.8353263874353229D-01
 90  -6.8452952132962830D-01  -1.4431062609129638D-01
 91  -7.7364063273862549D-01   1.2183101730952703D-02
 92  -8.6765895565095297D-01   1.8108893471147908D-01
 93  -4.7491798285529629D-01  -7.7210247102438878D-01
 94  -5.2703371959586398D-01  -5.8953187727623679D-01
 95  -6.4852674591966142D-01  -4.5405474483426406D-01
 96  -7.8598241177051142D-01  -3.1884552015296819D-01
 97  -8.6651540694472107D-01  -1.6734000136756164D-01
 98  -9.4707828047417097D-01   3.8032856641991323D-03
 99  -6.4547295326081000D-01  -6.6832096423618181D-01
100  -7.6670706887230256D-01  -5.1276172485057925D-01
