 PROBLEM SUMMARY
   problem .....: regpol    
   nvert .......: 6
   nballs ......: 100
   itrial ......: 4264
   kappa .......: 0.84
   sigma1 ......: 0.03
   sigma2 ......: 0.15
   pol area ....: 2.5980762113533160D+00
   pol perimeter: 6.0000000000000000D+00

 OPTIMIZATION SUMMARY
   r ......:  1.0422086484453501D-01
   csupn ..:  9.4333620914710536D-09
   istop ..:  2
   ierr ...:  0
   itrial .:  4264
   #evalf .:  1752
   #evalg .:  393
   #evalc .:  1941
   #evalj .:  393
   #evalhl :  403
   outiter :  22
   totiter :  183
   nwcalls :  22
   nwtotit :  220
   opt time:  1.03 seconds

 BALLS (index, center abcissa, center ordinate)
  1  -4.6131136472578943D-01   8.0783768015748858D-01
  2  -2.8261072826177958D-01   8.1746421846852901D-01
  3  -3.7398051307107427D-01   6.5518266018863480D-01
  4  -4.8162838848296902D-01   5.0971615601623976D-01
  5  -5.7864481408865298D-01   3.4909864936548957D-01
  6  -6.7094337910709279D-01   1.8409782013072198D-01
  7  -7.5926184482058590D-01   1.9673369203632326D-02
  8  -8.5519343696386707D-01  -1.4145417844176747D-01
  9  -9.7073584134977034D-02   8.1958854260293801D-01
 10  -1.9418550025704831D-01   6.6693323116134817D-01
 11  -3.0131714123761516D-01   5.0660482077953362D-01
 12  -4.0204010374875371D-01   3.5212184315774675D-01
 13  -4.9724194453478227D-01   1.9134591613079213D-01
 14  -5.8497910738558201D-01   2.6097858356798523D-02
 15  -6.7801355678678665D-01  -1.3655818340594453D-01
 16  -7.6806573684525381D-01  -2.9801146583901134D-01
 17   8.9901067990103237D-02   8.2030924461190557D-01
 18  -8.2963939600066289D-03   6.6976774760027158D-01
 19  -1.2538023499097015D-01   5.1999742025937057D-01
 20  -2.2598970962560844D-01   3.5511603432397143D-01
 21  -3.2092355665278188D-01   1.9391242984074369D-01
 22  -4.1157009491868884D-01   3.2881774667548755D-02
 23  -5.0289818133586750D-01  -1.3219212805835040D-01
 24  -5.9202539209149097D-01  -2.9503088990755727D-01
 25   2.7446667558769455D-01   8.1501788040077805D-01
 26   1.7591168422539194D-01   6.6521207829420637D-01
 27   4.7992119323799862D-02   5.2046071122114101D-01
 28  -5.5403146325545251D-02   3.5951617790857282D-01
 29  -1.4702204665904822D-01   1.9355272615790292D-01
 30  -2.3830848140504229D-01   3.2126401687098599D-02
 31  -3.3206393279359125D-01  -1.2943197002473900D-01
 32  -4.1949917003326337D-01  -2.9468922862599262D-01
 33  -5.0535296420883724D-01  -4.5757588798147603D-01
 34  -5.8988619883667859D-01  -6.1904789957373119D-01
 35   4.5258253066960114D-01   8.0894835861844316D-01
 36   3.5681709992154770D-01   6.5385566910459347D-01
 37   2.1690804807552894D-01   5.1475734241396809D-01
 38   1.1352771715843761D-01   3.5379382080851296D-01
 39   1.9130372444805355D-02   1.9177785593949695D-01
 40  -6.8842381572275027D-02   2.5602807840077218D-02
 41  -1.6276546569955741D-01  -1.3568004664296515D-01
 42  -2.5263720529341405D-01  -2.9741598165657829D-01
 43  -3.3680090449624411D-01  -4.6271662624755566D-01
 44  -4.2040649372252231D-01  -6.2557443322626372D-01
 45  -5.0014666908324723D-01  -7.8681754326562803D-01
 46   5.4677774176417282D-01   6.7243898227990262D-01
 47   3.4939449141371354D-01   4.6466480456629616D-01
 48   2.7382911536051396D-01   3.3829587323317728D-01
 49   1.7948703682303904D-01   1.7629111221346014D-01
 50   8.8727527483361629D-02   1.4071095441241016D-02
 51  -1.8644270037708045D-03  -1.5196048577256036D-01
 52  -9.1920510126197855D-02  -3.1342313157653029D-01
 53  -1.7897318390158809D-01  -4.7520662068132224D-01
 54  -2.6275747482371253D-01  -6.4077016861848413D-01
 55  -3.4801032185835107D-01  -8.0484676008708911D-01
 56   4.9337726852000169D-01   5.2419616589663554D-01
 57   4.4403554177787252D-01   3.3937295135341050D-01
 58   3.5150813644885426D-01   1.7474174438127071D-01
 59   2.6073636442992520D-01   1.2521542808674143D-02
 60   1.6736033851595755D-01  -1.4956198716359329D-01
 61   8.0613345169445502D-02  -3.1578150935861266D-01
 62  -8.7236659282222268D-03  -4.7727326810811443D-01
 63  -9.4113350830674847D-02  -6.4058686920924435D-01
 64  -1.7830671957917052D-01  -8.0616024738269865D-01
 65   5.9063011161354118D-01   3.5667402870325615D-01
 66   5.2382104943081809D-01   1.7896664645627131D-01
 67   4.3436726296309552D-01   1.4145042974760765D-02
 68   3.4125317626276752D-01  -1.4832295820936681D-01
 69   2.5086064303724215D-01  -3.1056009795952261D-01
 70   1.6195276284863774D-01  -4.7729948152183416D-01
 71   7.7060647708051558D-02  -6.4134292238613955D-01
 72  -8.7362839726394578D-03  -8.0466304158346758D-01
 73   6.7870292829952716D-01   1.8732527071809235D-01
 74   6.0324587263586105D-01   1.3375315186516195D-02
 75   5.1307075070363295D-01  -1.4940061245516728D-01
 76   4.2293586677548828D-01  -3.1201860728227349D-01
 77   3.2794041552633862D-01  -4.7398375357259642D-01
 78   2.4665374252621031D-01  -6.4287470958031800D-01
 79   1.6135946538839457D-01  -8.0692175347507777D-01
 80   7.6229262252544483D-01   1.8284718055419470D-02
 81   6.8851097670250228D-01  -1.4455747481516742D-01
 82   5.9848089576709840D-01  -3.0733938332392835D-01
 83   5.0373582341809331D-01  -4.6969345653155892D-01
 84   4.0950663589276259D-01  -6.3172296915147264D-01
 85   3.3254967578714706D-01  -8.0619039453770880D-01
 86   5.8433888762226061D-01  -6.2899754645280248D-01
 87   6.7830592767611098D-01  -4.6657626143271852D-01
 88  -6.7879957322061635D-01  -4.5652883314420400D-01
 89  -5.6106314439030724D-01   6.6280518860031890D-01
 90  -8.4697875287411484D-01   1.7467401127137702D-01
 91  -6.5998526391757240D-01   5.0369287008036912D-01
 92   4.9028754909774686D-01  -7.9103889356377122D-01
 93   7.7295437992817873D-01  -3.0406463082717156D-01
 94   8.6252601886089642D-01  -1.4062046052971627D-01
 95   8.4543419396679576D-01   1.8261780615854606D-01
 96   6.5875549544854128D-01   5.2218759791502922D-01
 97   9.3183020351856782D-01   1.7281903259857324D-02
 98  -7.5409246097491933D-01   3.3884769871195403D-01
 99  -9.3632587057589622D-01   1.1745300118873318D-02
100   7.5310107040552443D-01   3.5112273729676213D-01
