 PROBLEM SUMMARY
   problem .....: regpol    
   nvert .......: 10
   nballs ......: 90
   itrial ......: 3498
   kappa .......: 0.75
   sigma1 ......: 0.03
   sigma2 ......: 0.15
   pol area ....: 2.9389262614623659D+00
   pol perimeter: 6.1803398874989490D+00

 OPTIMIZATION SUMMARY
   r ......:  1.1786939677013490D-01
   csupn ..:  9.8470249731974491D-09
   istop ..:  0
   ierr ...:  0
   itrial .:  3498
   #evalf .:  837
   #evalg .:  358
   #evalc .:  1025
   #evalj .:  358
   #evalhl :  358
   outiter :  21
   totiter :  148
   nwcalls :  21
   nwtotit :  210
   opt time:  0.94 seconds

 BALLS (index, center abcissa, center ordinate)
  1  -6.3260656389621561D-01  -6.8783201567190244D-01
  2  -4.3454905087020201D-01  -7.7304881672751125D-01
  3  -2.8493919635886372D-01  -8.5666940094584398D-01
  4  -9.7512690125092116D-02  -9.3533270002977065D-01
  5  -8.3860373567064517D-01  -4.1377349318878509D-01
  6  -7.0975843578683362D-01  -5.2421093316272116D-01
  7  -4.9400341620344290D-01  -5.7063214279170260D-01
  8  -2.9596247413322729D-01  -6.5968710022312849D-01
  9  -1.0846943590296122D-01  -7.4593737817099215D-01
 10   8.3678911643283033D-02  -8.5231269166107115D-01
 11   2.6136956232003300D-01  -9.1853519984696519D-01
 12  -8.6350677679136145D-01  -1.9973086639959370D-01
 13  -6.8597105234174738D-01  -3.0913455971348064D-01
 14  -5.3477018384416330D-01  -4.0449775080073325D-01
 15  -3.2872829697239708D-01  -4.6539710628157971D-01
 16  -1.3097773314523881D-01  -5.4314814073438233D-01
 17   5.0640828436315510D-02  -6.5161627879634432D-01
 18   2.4001060780462297D-01  -7.1248192135791322D-01
 19   4.2320204331502276D-01  -7.9214913191363090D-01
 20  -9.0041224164024325D-01  -2.6411593429828958D-02
 21  -7.0854754948178911D-01  -9.5836658717225298D-02
 22  -5.3087792130181111D-01  -1.9179186858285027D-01
 23  -3.6526969600428438D-01  -2.8299810965145628D-01
 24  -1.6232320218732565D-01  -3.4948668125966204D-01
 25   2.9852083276265609D-02  -4.4310056259567404D-01
 26   2.0805100000772689D-01  -5.1229625663337408D-01
 27   3.9999557500595118D-01  -5.8533380833153115D-01
 28   5.8411285242281430D-01  -6.7313483356005643D-01
 29  -9.2970959558803945D-01   1.6648533591638148D-01
 30  -7.3935498826051671D-01   1.0332955134927527D-01
 31  -5.4577753986507194D-01   1.8638775013622631D-02
 32  -3.6852455666201750D-01  -7.1479260191514335D-02
 33  -1.9786501761635031D-01  -1.6224172594496158D-01
 34  -2.4908872040053077D-03  -2.4146420676461294D-01
 35   1.8589693412927769D-01  -3.0325518232176107D-01
 36   3.5957871353067178D-01  -3.8215709313171892D-01
 37   5.5245828576084588D-01  -4.6332501819803668D-01
 38   7.1767240909772878D-01  -5.4891272262533675D-01
 39  -7.9355863701379203D-01   3.0960177324839311D-01
 40  -6.0000938738886389D-01   2.2049198578240831D-01
 41  -4.0259558552327684D-01   1.4112334051444586D-01
 42  -2.2063915299797163D-01   5.1442912665810039D-02
 43  -4.3550292795999319D-02  -4.0991456699602996D-02
 44   1.4838062698409046D-01  -9.9787466286245075D-02
 45   3.3817694786307384D-01  -1.6766413088908189D-01
 46   5.1145344847023211D-01  -2.5996719898833881D-01
 47   7.0273801964538274D-01  -3.2909792517011227D-01
 48   8.5038996528529365D-01  -4.0209953958406347D-01
 49  -8.1281677917162443D-01   5.0192897616476828D-01
 50  -6.1818351688858963D-01   4.1375006432175265D-01
 51  -4.2486567129063602D-01   3.3079112770861224D-01
 52  -2.2756713245419574D-01   2.5304433152572148D-01
 53  -4.5638062771615306D-02   1.6361271672194233D-01
 54   1.2801075664006634D-01   9.1608381112292830D-02
 55   3.1698793586833030D-01   2.9054865860209396D-02
 56   5.0861731658493858D-01  -5.1003002491996720D-02
 57   6.8047110765015040D-01  -1.3326971339121829D-01
 58   8.6708020507331518D-01  -1.8479696747088675D-01
 59  -6.5612646554753662D-01   6.1448182393330997D-01
 60  -4.6148566175347278D-01   5.2661725957229577D-01
 61  -2.6369789602870730D-01   4.4930699687225623D-01
 62  -6.6408302166691663D-02   3.7181226458506988D-01
 63   1.1208047168636540D-01   3.0280410042949318D-01
 64   2.8598437426993728D-01   2.2978043729279771D-01
 65   4.7794209111205144D-01   1.4998427835389838D-01
 66   6.6815619416784966D-01   7.9977073467657742D-02
 67   7.9937549134374142D-01  -1.3924162470802508D-02
 68  -5.0074505859616358D-01   7.2110381822758995D-01
 69  -3.0094048181335115D-01   6.3160240471032969D-01
 70  -9.3850832343559815D-02   5.6369999693273043D-01
 71   1.0034989548418988D-01   5.0695472138088615D-01
 72   2.7642450670705571D-01   4.3822609575357835D-01
 73   4.5386647376458911D-01   3.3790772278933928D-01
 74   6.5330890629832461D-01   2.4952372748604790D-01
 75   8.5955852605713179D-01   1.8038342480891606D-01
 76   9.6169018894147840D-01   2.3487658875950214D-03
 77  -3.5253776636300438D-01   8.1778703941185404D-01
 78  -1.4386462002845363D-01   7.4734489380877511D-01
 79   6.2315305412165740D-02   7.0349778065733803D-01
 80   2.5422682558245846D-01   6.4902152655437151D-01
 81   4.3449678627405713D-01   5.5041739314341354D-01
 82   6.1189298566243500D-01   4.4536841798913518D-01
 83   8.1137680119908018D-01   3.5864127967186499D-01
 84  -2.1535852336150804D-01   9.2135234886905149D-01
 85   1.6010126959563350D-04   8.9104716103384907D-01
 86   1.6907440213081140D-01   8.5438932552809166D-01
 87   4.4203154083188823D-01   7.4530153926618392D-01
 88   5.9181852796428314D-01   6.5814391301188735D-01
 89   7.6532708226021029D-01   5.5604806017377340D-01
 90   3.1285824777232280D-01   8.6122960105537993D-01
