 PROBLEM SUMMARY
   problem .....: regpol    
   nvert .......: 9
   nballs ......: 100
   itrial ......: 6878
   kappa .......: 0.59
   sigma1 ......: 0.03
   sigma2 ......: 0.15
   pol area ....: 2.8925442435894264D+00
   pol perimeter: 6.1563625798620381D+00

 OPTIMIZATION SUMMARY
   r ......:  1.1061995497716709D-01
   csupn ..:  9.6445100794539940D-09
   istop ..:  0
   ierr ...:  0
   itrial .:  6878
   #evalf .:  1622
   #evalg .:  358
   #evalc .:  1796
   #evalj .:  358
   #evalhl :  364
   outiter :  20
   totiter :  164
   nwcalls :  20
   nwtotit :  200
   opt time:  1.00 seconds

 BALLS (index, center abcissa, center ordinate)
  1   7.6068667891849862D-01   5.3227056852518739D-01
  2   6.1332517855424074D-01   6.6834925828773006D-01
  3   5.0687242823062573D-01   7.3321180807345721D-01
  4   3.5003877319677945D-01   8.5202074688301976D-01
  5   9.2773333689439252D-01   2.2262293036095554D-01
  6   7.8572512639644698D-01   3.4261870527322208D-01
  7   6.2081734646464048D-01   4.6092187464328316D-01
  8   4.6868740068244458D-01   5.7397505507594571D-01
  9   3.0647724209189536D-01   6.9003238813758438D-01
 10   1.6587955014033484D-01   8.4097031089227836D-01
 11   3.0232695810316745D-02   9.5031666685201388D-01
 12   9.0417103198218540D-01   3.8782163266978802D-02
 13   7.5129624237374182D-01   1.4859218491198467D-01
 14   6.1085945313401224D-01   2.7774184318577899D-01
 15   4.4441665811565362D-01   3.8309664434165397D-01
 16   2.9342682564888145D-01   5.0451519220026497D-01
 17   1.4900014649266996D-01   6.4397097835126693D-01
 18  -1.7289249441872980D-03   7.6087515464260680D-01
 19  -1.4842296001078431D-01   8.8587725090347103D-01
 20   8.7043616534873491D-01  -1.4862566562838495D-01
 21   7.2216867553878450D-01  -3.7825804186675117D-02
 22   5.7316133861682583D-01   8.6291629819666343D-02
 23   4.3068860822482730D-01   2.0220983122951650D-01
 24   2.6922574546528022D-01   3.1358015954029156D-01
 25   1.2270242947755451D-01   4.5219048370613790D-01
 26  -2.6935310117486795D-02   5.6953529304003625D-01
 27  -1.7653510563288408D-01   6.9342017301714987D-01
 28  -3.2335011312020473D-01   8.1780157906922402D-01
 29   8.3470796022524529D-01  -3.3331409717403854D-01
 30   6.8960772973849249D-01  -2.2708959660089789D-01
 31   5.4317619902033321D-01  -1.0200779235732418D-01
 32   3.9260233672758799D-01   1.1089596943347310D-02
 33   2.5049208208508167D-01   1.3044006077478618D-01
 34   1.0040673805420705D-01   2.5985052340791370D-01
 35  -5.0710962879393875D-02   3.8048633110836433D-01
 36  -2.0318813015789061D-01   5.0317000018956504D-01
 37  -3.5289982034476464D-01   6.2644215700211381D-01
 38  -4.9870683642098024D-01   7.5559563191618684D-01
 39   7.9779545497220494D-01  -5.1215435566290235D-01
 40   6.5980380533496596D-01  -4.2223044006551957D-01
 41   5.1674367992364689D-01  -2.9598797361246332D-01
 42   3.6874486465332257D-01  -1.8192465020553319D-01
 43   2.1855101851750991D-01  -6.5396667800743782D-02
 44   7.9066789210273436D-02   6.7844691334952648D-02
 45  -7.2943662768073556D-02   1.8811010108593604D-01
 46  -2.2354546400101938D-01   3.1157466069116591D-01
 47  -3.7613433540011720D-01   4.3364325886978616D-01
 48  -5.2176176676031594D-01   5.5957590829564263D-01
 49  -6.6796095517040899D-01   6.8695620107423794D-01
 50   6.3017422803872813D-01  -6.2308182598954831D-01
 51   4.9338840722695776D-01  -4.9276844137336634D-01
 52   3.4604919682862845D-01  -3.7845681801205355D-01
 53   1.9841180374190823D-01  -2.6095777213922167D-01
 54   5.3376408427137298D-02  -1.2205580899149999D-01
 55  -9.7651983544445486D-02  -1.2448524174605855D-03
 56  -2.4927572853373986D-01   1.2179612445233304D-01
 57  -3.9939499293867559D-01   2.4763805891695367D-01
 58  -5.5453787607800120D-01   3.6967920161901219D-01
 59  -6.9979482105851887D-01   4.9740785719874270D-01
 60   4.9089809025424563D-01  -6.8906416681240423D-01
 61   3.3096919734022706D-01  -5.8013800804344173D-01
 62   1.8399343634932788D-01  -4.6239926240690066D-01
 63   4.1515506046527706D-02  -3.2252734566214369D-01
 64  -1.0657322602790899D-01  -1.9419624776558073D-01
 65  -2.6458308230494199D-01  -7.4102809913550838D-02
 66  -4.0652129388632197D-01   4.6201905298748701D-02
 67  -5.5513742680286926D-01   1.6937423251844366D-01
 68  -7.0989775583117909D-01   2.9318796778766393D-01
 69  -8.5294958152016132D-01   3.7708821491554678D-01
 70   4.1078297793812235D-01  -8.3287071568785076D-01
 71   2.7774110175742983D-01  -7.1930792849092573D-01
 72   1.5053144009233244D-01  -6.5171703039067608D-01
 73   8.7269811457889989D-03  -5.1160219317548827D-01
 74  -1.3680316961250408D-01  -3.8230118295410037D-01
 75  -2.8551196543904667D-01  -2.5843841463490635D-01
 76  -4.4460649203447783D-01  -1.4498149918778472D-01
 77  -5.8107672582288805D-01  -2.2800843762485690D-02
 78  -7.2897525019022180D-01   1.0392638470537707D-01
 79  -8.8422241009740055D-01   1.8302478389428978D-01
 80   2.5045744296429423D-01  -8.9728836459946160D-01
 81   1.0189217415341950D-01  -8.4291768077662554D-01
 82  -2.6933365350238037D-02  -6.9904296030242741D-01
 83  -1.7179304914462426D-01  -5.6949532206001996D-01
 84  -3.1830493728600423D-01  -4.4481776499326087D-01
 85  -4.6801262630506124D-01  -3.2720668938763919D-01
 86  -6.2706375918104440D-01  -2.1337865061019856D-01
 87  -7.4638278653036594D-01  -9.3965436455676801D-02
 88  -8.8790918314725564D-01   5.2725398486205520D-02
 89  -4.9170644102972762D-02  -8.8730583239771799D-01
 90  -2.0237135699531597D-01  -7.6111164349671900D-01
 91  -3.4822219963174200D-01  -6.3620190416852695D-01
 92  -4.9573464992434568D-01  -5.1777294208581159D-01
 93  -6.4538362331613131D-01  -3.9978179822024734D-01
 94  -8.0506716723613214D-01  -2.9166343605689288D-01
 95  -9.0718479849565870D-01  -1.4400130735043498D-01
 96  -2.5427463821291713D-01  -9.1431223140636275D-01
 97  -3.9371479870950038D-01  -8.1388792142781130D-01
 98  -5.3754721927876392D-01  -6.9848978528065098D-01
 99  -6.8499944378386812D-01  -5.7968234321301015D-01
100  -8.3396439231792396D-01  -4.5734767536961973D-01
